l1 = 1;
l2 = 1;
l3 = 1;
m1 = 1;
m2 = 1;
m3 = 1;
P1 = 1;
P2 = -0.72;